id,path,"raw_size","event_count","host_count","source_count","sourcetype_count","size_on_disk",modtime,"frozen_in_cluster","origin_site","tsidx_minified","journal_size"
"main~21~A5EFEAA6-2F74-42E8-9ACD-47014CB826ED","db_1563131577_1563129475_21",713872,2137,1,6,6,577536,1563217992,0,"",0,83539
"main~20~A5EFEAA6-2F74-42E8-9ACD-47014CB826ED","db_1563129465_1563111638_20",687529,1235,1,6,6,438272,1563129483,0,"",0,62687
"main~19~A5EFEAA6-2F74-42E8-9ACD-47014CB826ED","db_1563111629_1563045629_19",1894499,2322,1,6,6,667648,1563115659,0,"",0,158858
"main~18~A5EFEAA6-2F74-42E8-9ACD-47014CB826ED","db_1493510400_1493510400_18",7325,1,1,1,1,53248,1563110630,0,"",0,""
"main~17~A5EFEAA6-2F74-42E8-9ACD-47014CB826ED","db_1549670400_1549670400_17",1724,2,1,1,1,40960,1563110630,0,"",0,""
"main~16~A5EFEAA6-2F74-42E8-9ACD-47014CB826ED","db_1462233600_1462233600_16",769,1,1,1,1,36864,1563110628,0,"",0,""
"main~15~A5EFEAA6-2F74-42E8-9ACD-47014CB826ED","db_1563045623_1563031772_15",18501062,52960,2,26,26,12148736,1563110627,0,"",0,2016895
"main~14~A5EFEAA6-2F74-42E8-9ACD-47014CB826ED","db_1563031652_1558458247_14",583996,2047,1,7,7,593920,1563031793,0,"",0,79292
"main~13~A5EFEAA6-2F74-42E8-9ACD-47014CB826ED","db_1550445302_1550347379_13",1756889,5991,2,8,8,1101824,1550446946,0,"",0,227553
"main~12~A5EFEAA6-2F74-42E8-9ACD-47014CB826ED","db_1550433470_1549590748_12",21100794,86823,1,7,7,15740928,1550433633,0,"",0,2715945
"main~11~A5EFEAA6-2F74-42E8-9ACD-47014CB826ED","db_1549590748_1549410208_11",19442769,90544,1,7,7,18497536,1549607431,0,"",0,2568890
"main~10~A5EFEAA6-2F74-42E8-9ACD-47014CB826ED","db_1549410098_1548452825_10",52478987,253723,1,7,7,43839488,1549325428,0,"",0,7596070
"main~9~A5EFEAA6-2F74-42E8-9ACD-47014CB826ED","db_1548382764_1548298646_9",4141862,20827,2,8,8,4116480,1548812900,0,"",0,602776
"main~8~A5EFEAA6-2F74-42E8-9ACD-47014CB826ED","db_1547169348_1547168605_8",15681,142,1,1,1,69632,1548297382,0,"",0,3889
"main~7~A5EFEAA6-2F74-42E8-9ACD-47014CB826ED","db_1546999566_1544750096_7",5212846,25941,1,8,8,5271552,1547049409,0,"",0,700076
"main~6~A5EFEAA6-2F74-42E8-9ACD-47014CB826ED","db_1544750035_1544155330_6",4510635,25562,1,8,8,5361664,1544751181,0,"",0,651882
"main~5~A5EFEAA6-2F74-42E8-9ACD-47014CB826ED","db_1544155329_1543458931_5",1167243,4411,1,8,8,921600,1544667851,0,"",0,163916
"main~4~A5EFEAA6-2F74-42E8-9ACD-47014CB826ED","db_1409559060_1409515387_4",0,1600,1,1,1,266240,1544147841,0,"",0,28982
"main~3~A5EFEAA6-2F74-42E8-9ACD-47014CB826ED","db_1476141010_1470211860_3",0,6330,1,1,1,876544,1544147841,0,"",0,115613
"main~2~A5EFEAA6-2F74-42E8-9ACD-47014CB826ED","db_1524359061_1522572720_2",0,7323,1,3,3,1048576,1544147841,0,"",0,140608
"main~1~A5EFEAA6-2F74-42E8-9ACD-47014CB826ED","db_1532514101_1524811120_1",0,33313,1,7,6,2035712,1544147841,0,"",0,556886
"main~0~A5EFEAA6-2F74-42E8-9ACD-47014CB826ED","db_1543458914_1541668260_0",13524696,71136,2,33,29,11665408,1544147869,0,"",0,1624550
