id,path,"raw_size","event_count","host_count","source_count","sourcetype_count","size_on_disk",modtime,"frozen_in_cluster","origin_site","tsidx_minified","journal_size"
"main~13~A5EFEAA6-2F74-42E8-9ACD-47014CB826ED","db_1550445302_1550347379_13",1756889,5991,2,8,8,1101824,1550446946,0,"",0,227553
"main~12~A5EFEAA6-2F74-42E8-9ACD-47014CB826ED","db_1550433470_1549590748_12",21100794,86823,1,7,7,15740928,1550433633,0,"",0,2715945
"main~11~A5EFEAA6-2F74-42E8-9ACD-47014CB826ED","db_1549590748_1549410208_11",19442769,90544,1,7,7,18497536,1549607431,0,"",0,2568890
"main~10~A5EFEAA6-2F74-42E8-9ACD-47014CB826ED","db_1549410098_1548452825_10",52478987,253723,1,7,7,43839488,1549325428,0,"",0,7596070
"main~9~A5EFEAA6-2F74-42E8-9ACD-47014CB826ED","db_1548382764_1548298646_9",4141862,20827,2,8,8,4116480,1548812900,0,"",0,602776
"main~8~A5EFEAA6-2F74-42E8-9ACD-47014CB826ED","db_1547169348_1547168605_8",15681,142,1,1,1,69632,1548297382,0,"",0,3889
"main~7~A5EFEAA6-2F74-42E8-9ACD-47014CB826ED","db_1546999566_1544750096_7",5212846,25941,1,8,8,5271552,1547049409,0,"",0,700076
"main~6~A5EFEAA6-2F74-42E8-9ACD-47014CB826ED","db_1544750035_1544155330_6",4510635,25562,1,8,8,5361664,1544751181,0,"",0,651882
"main~5~A5EFEAA6-2F74-42E8-9ACD-47014CB826ED","db_1544155329_1543458931_5",1167243,4411,1,8,8,921600,1544667851,0,"",0,163916
"main~4~A5EFEAA6-2F74-42E8-9ACD-47014CB826ED","db_1409559060_1409515387_4",0,1600,1,1,1,266240,1544147841,0,"",0,28982
"main~3~A5EFEAA6-2F74-42E8-9ACD-47014CB826ED","db_1476141010_1470211860_3",0,6330,1,1,1,876544,1544147841,0,"",0,115613
"main~2~A5EFEAA6-2F74-42E8-9ACD-47014CB826ED","db_1524359061_1522572720_2",0,7323,1,3,3,1048576,1544147841,0,"",0,140608
"main~1~A5EFEAA6-2F74-42E8-9ACD-47014CB826ED","db_1532514101_1524811120_1",0,33313,1,7,6,2035712,1544147841,0,"",0,556886
"main~0~A5EFEAA6-2F74-42E8-9ACD-47014CB826ED","db_1543458914_1541668260_0",13524696,71136,2,33,29,11665408,1544147869,0,"",0,1624550
